1755549156301 0.014285714285714285 10
1755549282804 0.02857142857142857 20
1755549405022 0.04285714285714286 30
1755549534207 0.05714285714285714 40
1755549660222 0.07142857142857142 50
1755549773211 0.08571428571428572 60
1755549896811 0.1 70
1755550026390 0.11428571428571428 80
1755550153530 0.12857142857142856 90
1755550271895 0.14285714285714285 100
1755550391200 0.15714285714285714 110
1755550510895 0.17142857142857143 120
1755550631177 0.18571428571428572 130
1755550751450 0.2 140
1755550871591 0.21428571428571427 150
1755550992980 0.22857142857142856 160
1755551115243 0.24285714285714285 170
1755551244313 0.2571428571428571 180
1755551380967 0.2714285714285714 190
1755551499711 0.2857142857142857 200
1755551630131 0.3 210
1755551745277 0.3142857142857143 220
1755551859604 0.32857142857142857 230
1755551977311 0.34285714285714286 240
1755552099062 0.35714285714285715 250
1755552218819 0.37142857142857144 260
1755552337374 0.38571428571428573 270
1755552453410 0.4 280
1755552581290 0.4142857142857143 290
1755552706553 0.42857142857142855 300
1755552826190 0.44285714285714284 310
1755552938293 0.45714285714285713 320
1755553068068 0.4714285714285714 330
1755553186751 0.4857142857142857 340
1755553316659 0.5 350
1755553444199 0.5142857142857142 360
1755553574507 0.5285714285714286 370
1755553689116 0.5428571428571428 380
1755553805643 0.5571428571428572 390
1755553923054 0.5714285714285714 400
1755554043094 0.5857142857142857 410
1755554172872 0.6 420
1755554285562 0.6142857142857143 430
1755554422233 0.6285714285714286 440
1755554545142 0.6428571428571429 450
1755554666864 0.6571428571428571 460
1755554786103 0.6714285714285714 470
1755554911631 0.6857142857142857 480
1755555038183 0.7 490
1755555157631 0.7142857142857143 500
1755555264254 0.7285714285714285 510
1755555387200 0.7428571428571429 520
