1755549156301 9.202946662902832 10
1755549282804 8.840770721435547 20
1755549405022 8.492152214050293 30
1755549534207 7.793251991271973 40
1755549660222 8.25439453125 50
1755549773211 8.335675239562988 60
1755549896811 11.41324234008789 70
1755550026390 8.906251907348633 80
1755550153530 7.309216022491455 90
1755550271895 7.670450210571289 100
1755550391200 6.468095779418945 110
1755550510895 8.868037223815918 120
1755550631177 7.046758651733398 130
1755550751450 6.6869707107543945 140
1755550871591 5.109461307525635 150
1755550992980 6.993012428283691 160
1755551115243 6.744157314300537 170
1755551244313 4.943621635437012 180
1755551380967 6.722958564758301 190
1755551499711 8.17113208770752 200
1755551630131 7.1367573738098145 210
1755551745277 6.745749473571777 220
1755551859604 6.1041789054870605 230
1755551977311 9.749795913696289 240
1755552099062 8.543953895568848 250
1755552218819 6.259277820587158 260
1755552337374 8.525508880615234 270
1755552453410 7.123464107513428 280
1755552581290 6.841587543487549 290
1755552706553 15.728273391723633 300
1755552826190 11.03531551361084 310
1755552938293 14.147360801696777 320
1755553068068 10.766855239868164 330
1755553186751 10.422089576721191 340
1755553316659 12.03188705444336 350
1755553444199 10.01686954498291 360
1755553574507 11.225688934326172 370
1755553689116 13.505350112915039 380
1755553805643 8.068557739257812 390
1755553923054 23.702434539794922 400
1755554043094 14.480082511901855 410
1755554172872 19.649961471557617 420
1755554285562 12.790093421936035 430
1755554422233 13.728131294250488 440
1755554545142 18.01046371459961 450
1755554666864 11.111713409423828 460
1755554786103 25.750247955322266 470
1755554911631 32.472755432128906 480
1755555038183 21.103517532348633 490
1755555157631 45.76089859008789 500
1755555264254 16.899938583374023 510
1755555387200 17.38959503173828 520
