1755549156301 3.6e-07 10
1755549282804 7.6e-07 20
1755549405022 1.1600000000000001e-06 30
1755549534207 1.56e-06 40
1755549660222 1.9600000000000003e-06 50
1755549773211 2.3600000000000003e-06 60
1755549896811 2.7600000000000003e-06 70
1755550026390 3.1600000000000002e-06 80
1755550153530 3.5600000000000002e-06 90
1755550271895 3.96e-06 100
1755550391200 4.360000000000001e-06 110
1755550510895 4.76e-06 120
1755550631177 5.1600000000000006e-06 130
1755550751450 5.560000000000001e-06 140
1755550871591 5.9600000000000005e-06 150
1755550992980 6.360000000000001e-06 160
1755551115243 6.760000000000001e-06 170
1755551244313 7.16e-06 180
1755551380967 7.5600000000000005e-06 190
1755551499711 7.960000000000002e-06 200
1755551630131 8.36e-06 210
1755551745277 8.76e-06 220
1755551859604 9.16e-06 230
1755551977311 9.56e-06 240
1755552099062 9.960000000000001e-06 250
1755552218819 1.036e-05 260
1755552337374 1.0760000000000002e-05 270
1755552453410 1.1160000000000002e-05 280
1755552581290 1.156e-05 290
1755552706553 1.196e-05 300
1755552826190 1.236e-05 310
1755552938293 1.2760000000000001e-05 320
1755553068068 1.3160000000000001e-05 330
1755553186751 1.3560000000000002e-05 340
1755553316659 1.396e-05 350
1755553444199 1.4360000000000001e-05 360
1755553574507 1.4760000000000001e-05 370
1755553689116 1.516e-05 380
1755553805643 1.556e-05 390
1755553923054 1.5960000000000003e-05 400
1755554043094 1.636e-05 410
1755554172872 1.6760000000000002e-05 420
1755554285562 1.7160000000000002e-05 430
1755554422233 1.756e-05 440
1755554545142 1.796e-05 450
1755554666864 1.8360000000000004e-05 460
1755554786103 1.876e-05 470
1755554911631 1.916e-05 480
1755555038183 1.9560000000000002e-05 490
1755555157631 1.9960000000000002e-05 500
1755555264254 1.9887500000000002e-05 510
1755555387200 1.9762500000000003e-05 520
