1755549156301 2.0407 10
1755549282804 2.054 20
1755549405022 2.0622 30
1755549534207 2.0129 40
1755549660222 1.9445 50
1755549773211 1.8925 60
1755549896811 1.8949 70
1755550026390 1.8947 80
1755550153530 1.8618 90
1755550271895 1.839 100
1755550391200 1.8138 110
1755550510895 1.8379 120
1755550631177 1.8214 130
1755550751450 1.8019 140
1755550871591 1.7947 150
1755550992980 1.8512 160
1755551115243 1.85 170
1755551244313 1.8576 180
1755551380967 1.8174 190
1755551499711 1.8086 200
1755551630131 1.8251 210
1755551745277 1.7653 220
1755551859604 1.7765 230
1755551977311 1.7992 240
1755552099062 1.8377 250
1755552218819 1.7706 260
1755552337374 1.7633 270
1755552453410 1.7249 280
1755552581290 1.7698 290
1755552706553 1.672 300
1755552826190 1.7252 310
1755552938293 1.7656 320
1755553068068 1.7189 330
1755553186751 1.6405 340
1755553316659 1.6093 350
1755553444199 1.5534 360
1755553574507 1.5676 370
1755553689116 1.5187 380
1755553805643 1.4697 390
1755553923054 1.4295 400
1755554043094 1.4913 410
1755554172872 1.385 420
1755554285562 1.305 430
1755554422233 1.2544 440
1755554545142 1.2272 450
1755554666864 1.1439 460
1755554786103 1.2193 470
1755554911631 0.961 480
1755555038183 1.1178 490
1755555157631 1.221 500
1755555264254 0.8999 510
1755555387200 1.0946 520
